=== EMPIRICAL finish odds by preseason positional rank (2019-2025) ===
                  n   top3  top12  startable   bust
position tier                                      
QB       1-3     21  0.333  0.857      0.857  0.143
         4-6     21  0.095  0.476      0.476  0.524
         7-12    42  0.190  0.548      0.548  0.452
         13-24   84  0.036  0.262      0.262  0.738
         25-40   74  0.014  0.108      0.108  0.892
         41-60   63  0.000  0.000      0.000  1.000
RB       1-3     21  0.333  0.524      0.762  0.238
         4-6     21  0.333  0.619      0.857  0.143
         7-12    41  0.049  0.561      0.878  0.122
         13-24   83  0.060  0.241      0.675  0.325
         25-40  112  0.000  0.098      0.411  0.589
         41-60  133  0.000  0.015      0.180  0.820
TE       1-3     21  0.381  0.762      0.762  0.238
         4-6     21  0.190  0.476      0.476  0.524
         7-12    42  0.095  0.452      0.452  0.548
         13-24   72  0.042  0.278      0.278  0.722
         25-40   78  0.013  0.141      0.141  0.859
         41-60   89  0.000  0.000      0.000  1.000
WR       1-3     21  0.286  0.619      0.857  0.143
         4-6     22  0.318  0.591      0.682  0.318
         7-12    41  0.098  0.366      0.732  0.268
         13-24   84  0.024  0.214      0.631  0.369
         25-40  109  0.018  0.156      0.376  0.624
         41-60  138  0.000  0.029      0.217  0.783 

=== MC's CURRENT claimed odds (live board medians, by projection rank tier) ===
                 n  mc_top3  mc_top12  mc_startable  mc_bust
position tier                                               
QB       1-3     3    0.206     0.587         0.587    0.413
         4-6     3    0.147     0.557         0.557    0.443
         7-12    6    0.126     0.484         0.484    0.516
         13-24  12    0.074     0.376         0.376    0.624
         25-40  16    0.000     0.006         0.006    0.994
         41-60  20    0.000     0.000         0.000    1.000
RB       1-3     3    0.405     0.838         0.937    0.063
         4-6     3    0.146     0.588         0.898    0.102
         7-12    6    0.120     0.476         0.853    0.147
         13-24  12    0.031     0.281         0.806    0.194
         25-40  16    0.006     0.081         0.506    0.494
         41-60  20    0.000     0.003         0.085    0.915
TE       1-3     3    0.465     0.840         0.840    0.160
         4-6     3    0.157     0.647         0.647    0.353
         7-12    6    0.097     0.453         0.453    0.547
         13-24  12    0.028     0.281         0.281    0.719
         25-40  16    0.002     0.043         0.043    0.957
         41-60  20    0.000     0.001         0.001    0.999
WR       1-3     3    0.352     0.741         0.914    0.086
         4-6     3    0.143     0.519         0.844    0.156
         7-12    6    0.079     0.363         0.739    0.261
         13-24  12    0.028     0.206         0.573    0.427
         25-40  16    0.012     0.106         0.419    0.581
         41-60  20    0.002     0.038         0.240    0.760
